	Source file	DateTime	Date	Time	Duration(s)	Comments	Total points	Selection type	Components	Beam_Seconds	Beam_Seconds_Int2SE	U238_V	U238_V_Int2SE	Th232_V	Th232_V_Int2SE	U234_cps	U234_cps_Int2SE	Th230_cps	Th230_cps_Int2SE	U234_U238	U234_U238_Int2SE	Th230_U238	Th230_U238_Int2SE	Th232_U238	Th232_U238_Int2SE	Th_ppm	Th_ppm_Int2SE	U_ppm	U_ppm_Int2SE	U234_U238_CORR	U234_U238_CORR_Int2SE	Th230_U238_CORR	Th230_U238_CORR_Int2SE	Th232_U238_CORR	Th232_U238_CORR_Int2SE
MK16_0	Th-U laser_long.FIN_	07/12/2017 (5) 21:34:35.09	07/12/2017 (5)	34:35.1	122.01	MK16	28	Normal	1	-15113	13	0.0537	0.0074	0.000088	0.000051	220	31	40.5	5.7	1.196	0.014	0.716	0.025	0.0021	0.0014	0.003	0.0017	1.77	0.24	1.113	0.013	0.786	0.028	0.00073	0.0005
MK16_1	Th-U laser_long.FIN_	07/12/2017 (5) 21:37:51.97	07/12/2017 (5)	37:52.0	122.26	MK16(2)	29	Normal	1	-14917	13	0.0591	0.0063	0.00013	0.00017	241	26	45	5	1.191	0.019	0.722	0.026	0.0019	0.0025	0.0043	0.0059	1.95	0.21	1.109	0.018	0.793	0.028	0.00065	0.00085
MK16_2	Th-U laser_long.FIN_	07/12/2017 (5) 21:41:08.85	07/12/2017 (5)	41:08.9	123.1	MK16(3)	30	Normal	1	-14718	13	0.0669	0.0046	0.000087	0.000064	274	21	50.7	3.8	1.188	0.019	0.716	0.025	0.0016	0.0011	0.003	0.0022	2.21	0.15	1.106	0.018	0.786	0.027	0.00054	0.00037
MK16_3	Th-U laser_long.FIN_	07/12/2017 (5) 22:45:18.35	07/12/2017 (5)	45:18.4	123.28	MK16(4)	30	Normal	1	-10869	13	0.0668	0.0046	0.00025	0.00033	270	19	50.3	4	1.178	0.014	0.711	0.022	0.011	0.013	0.009	0.012	2.25	0.15	1.1	0.013	0.783	0.025	0.0039	0.0043
MK16_4	Th-U laser_long.FIN_	07/12/2017 (5) 22:48:36.91	07/12/2017 (5)	48:36.9	122.44	MK16(5)	29	Normal	1	-10669	13	0.0416	0.0059	0.00021	0.00014	171	24	32.5	4.7	1.193	0.025	0.733	0.061	0.0097	0.0095	0.0073	0.005	1.4	0.2	1.114	0.023	0.807	0.067	0.0033	0.0033
MK16_5	Th-U laser_long.FIN_	07/12/2017 (5) 22:51:55.05	07/12/2017 (5)	51:55.1	122.16	MK16(6)	29	Normal	1	-10472	13	0.0369	0.0051	0.00017	0.00016	150	20	28.8	3.9	1.189	0.021	0.735	0.025	0.0064	0.0052	0.006	0.0056	1.25	0.17	1.111	0.02	0.809	0.027	0.0022	0.0018
MK16_6	Th-U laser_long.FIN_	07/12/2017 (5) 23:45:52.99	07/12/2017 (5)	45:53.0	122.14	MK16(7)	29	Normal	1	-7233	13	0.0309	0.005	0.000052	0.000014	125	20	23.1	3.9	1.187	0.019	0.706	0.029	0.00203	0.00075	0.00185	0.00052	1.06	0.17	1.112	0.018	0.778	0.033	0.0007	0.00026
MK16_7	Th-U laser_long.FIN_	07/12/2017 (5) 23:49:08.94	07/12/2017 (5)	49:08.9	122.32	MK16(8)	29	Normal	1	-7040	13	0.0371	0.0024	0.00005	0.000018	150	10	27.4	2	1.182	0.017	0.698	0.026	0.00137	0.00044	0.00181	0.00066	1.277	0.083	1.107	0.016	0.77	0.028	0.00047	0.00015
MK16_8	Th-U laser_long.FIN_	07/12/2017 (5) 23:52:25.24	07/12/2017 (5)	52:25.2	122.61	MK16(9)	29	Normal	1	-6843	13	0.0361	0.0044	0.000036	0.000014	145	18	26.9	3.6	1.171	0.023	0.703	0.032	0.00092	0.00029	0.00131	0.00051	1.24	0.15	1.098	0.022	0.775	0.035	0.00031	0.0001
MK16_9	Th-U laser_long.FIN_	08/12/2017 (6) 01:11:58.03	08/12/2017 (6)	11:58.0	121.89	MK16(10)	29	Normal	1	-2071	13	0.035	0.0061	0.0000248	0.0000091	139	24	26.4	4.6	1.168	0.024	0.717	0.032	0.00097	0.00048	0.00092	0.00034	1.24	0.21	1.099	0.023	0.793	0.036	0.00033	0.00016
MK16_10	Th-U laser_long.FIN_	08/12/2017 (6) 01:15:13.31	08/12/2017 (6)	15:13.3	123.25	MK16(11)	29	Normal	1	-1874	13	0.0369	0.0031	0.000015	0.00001	149	13	27.2	2.5	1.177	0.018	0.698	0.024	0.00038	0.00028	0.00056	0.00039	1.3	0.11	1.108	0.017	0.772	0.026	0.000131	0.000098
MK16_11	Th-U laser_long.FIN_	08/12/2017 (6) 01:18:29.52	08/12/2017 (6)	18:29.5	122.07	MK16(12)	28	Normal	1	-1677	13	0.0419	0.0032	0.0008	0.0013	173	15	32.7	3.2	1.191	0.031	0.751	0.059	0.02	0.03	0.031	0.047	1.48	0.11	1.121	0.029	0.831	0.065	0.007	0.01
																																			
																																			
																																			
																																			
																																			
																																			
																																			
																																			
																																			
																																			
																																			
																																			
																																			
																																			
																																			
																																			
																																			
																																			
																																			
																																			
																																			
																																			
																																			
																																			
																																			
																																			
																																			
																																			
																																			
																																			
																																			
																																			
																																			
																																			
																																			
																																			
																																			
																																			
																																			
																																			
																																			
																																			
																																			
																																			
																																			
																																			
																																			
